5:15:2019-15:45:45:816 0.000 0.000 0.000 0.000 0.000 0.000 0.000 0.000 0.000 0.000
5:15:2019-15:45:45:663 0.000 0.000 0.000 0.000 0.000 0.000 0.000 0.000 0.000 0.000
5:15:2019-15:45:47:0 0.000 0.000 0.000 0.000 0.000 0.000 0.000 0.000 0.000 0.000
5:15:2019-15:45:47:612 0.000 0.000 0.000 0.000 0.000 0.000 0.000 0.000 0.000 0.000
5:15:2019-15:47:15:136 0.000 0.000 0.000 0.000 0.000 0.000 0.000 0.000 0.000 0.000
5:15:2019-15:47:15:731 0.000 0.000 0.000 0.000 0.000 0.000 0.000 0.000 0.000 0.000
5:15:2019-15:47:16:255 0.000 0.000 0.000 0.000 0.000 0.000 0.000 0.000 0.000 0.000
5:15:2019-15:47:16:748 0.000 0.000 0.000 0.000 0.000 0.000 0.000 0.000 0.000 0.000
5:15:2019-15:47:17:238 0.000 0.000 0.000 0.000 0.000 0.000 0.000 0.000 0.000 0.000
5:15:2019-15:49:46:697 0.000 0.000 0.000 0.000 0.000 0.000 0.000 0.000 0.000 0.000
5:15:2019-15:49:47:85 0.000 0.000 0.000 0.000 0.000 0.000 0.000 0.000 0.000 0.000
5:15:2019-15:49:47:578 0.000 0.000 0.000 0.000 0.000 0.000 0.000 0.000 0.000 0.000
5:15:2019-15:49:48:85 0.000 0.000 0.000 0.000 0.000 0.000 0.000 0.000 0.000 0.000
5:15:2019-15:49:48:527 0.000 0.000 0.000 0.000 0.000 0.000 0.000 0.000 0.000 0.000
5:15:2019-15:49:49:986 0.000 0.000 0.000 0.000 0.000 0.000 0.000 0.000 0.000 0.000
5:15:2019-15:49:49:459 0.000 0.000 0.000 0.000 0.000 0.000 0.000 0.000 0.000 0.000
5:15:2019-15:49:50:918 0.000 0.000 0.000 0.000 0.000 0.000 0.000 0.000 0.000 0.000
5:15:2019-15:49:50:357 0.000 0.000 0.000 0.000 0.000 0.000 0.000 0.000 0.000 0.000
5:15:2019-15:50:8:884 0.000 0.000 0.000 0.000 0.000 0.000 0.000 0.000 0.000 0.000
5:15:2019-15:50:15:459 0.000 0.000 0.000 0.000 0.000 0.000 0.000 0.000 0.000 0.000
5:15:2019-15:50:16:527 0.000 0.000 0.000 0.000 0.000 0.000 0.000 0.000 0.000 0.000
5:15:2019-15:50:27:629 0.000 0.000 0.000 0.000 0.000 0.000 0.000 0.000 0.000 0.000
5:15:2019-15:50:28:646 0.000 0.000 0.000 0.000 0.000 0.000 0.000 0.000 0.000 0.000
5:15:2019-15:50:31:867 0.000 0.000 0.000 0.000 0.000 0.000 0.000 0.000 0.000 0.000
5:15:2019-15:51:14:884 0.000 0.000 0.000 0.000 0.000 0.000 0.000 0.000 0.000 0.000
5:15:2019-15:51:14:646 0.000 0.000 0.000 0.000 0.000 0.000 0.000 0.000 0.000 0.000
5:15:2019-15:51:18:187 0.000 0.000 0.000 0.000 0.000 0.000 0.000 0.000 0.000 0.000
5:15:2019-15:51:19:306 0.000 0.000 0.000 0.000 0.000 0.000 0.000 0.000 0.000 0.000
5:15:2019-15:51:20:408 0.000 0.000 0.000 0.000 0.000 0.000 0.000 0.000 0.000 0.000
5:15:2019-15:51:31:136 0.000 0.000 0.000 0.000 0.000 0.000 0.000 0.000 0.000 0.000
5:15:2019-15:51:32:51 0.000 0.000 0.000 0.000 0.000 0.000 0.000 0.000 0.000 0.000
5:15:2019-15:51:38:476 0.000 0.000 0.000 0.000 0.000 0.000 0.000 0.000 0.000 0.000
5:15:2019-15:51:41:952 0.000 0.000 0.000 0.000 0.000 0.000 0.000 0.000 0.000 0.000
